1	2272	2682
2	2272	2682
3	2272	2682
4	2270	2680
5	2270	2680
6	2270	2680
7	2270	2680
8	2270	2680
9	2270	2680
10	2268	2678
11	2268	2678
12	2268	2678
13	2268	2678
14	2266	2676
15	2266	2676
16	2266	2676
17	2266	2676
18	2264	2674
19	2264	2674
20	2262	2672
21	2262	2672
22	2262	2672
23	2260	2670
24	2260	2670
25	2260	2670
26	2258	2668
27	2258	2668
28	2258	2668
29	2256	2666
30	2256	2666
31	2256	2666
32	2256	2666
33	2254	2664
34	2254	2664
35	2254	2664
36	2252	2662
37	2252	2662
38	2252	2662
39	2250	2660
40	2250	2660
41	2250	2660
42	2250	2660
43	2250	2660
44	2248	2658
45	2248	2658
46	2248	2658
47	2248	2658
48	2248	2658
49	2248	2658
50	2248	2658
51	2248	2658
52	2248	2658
53	2246	2656
54	2246	2656
55	2246	2656
56	2246	2656
57	2246	2656
58	2246	2656
59	2246	2656
60	2244	2654
61	2244	2654
62	2244	2654
63	2242	2652
64	2242	2652
65	2242	2652
66	2242	2652
67	2242	2652
68	2242	2652
69	2242	2652
70	2242	2652
71	2240	2650
72	2240	2650
73	2242	2652
74	2242	2652
75	2240	2650
76	2240	2650
77	2240	2650
78	2240	2650
79	2240	2650
80	2240	2650
81	2240	2650
82	2240	2650
83	2240	2650
84	2240	2650
85	2240	2650
86	2240	2650
87	2240	2650
88	2238	2648
89	2238	2648
90	2238	2648
91	2240	2650
92	2238	2648
93	2238	2648
94	2240	2650
95	2240	2650
96	2240	2650
97	2240	2650
98	2240	2650
99	2240	2650
100	2240	2650
101	2240	2650
102	2242	2652
103	2240	2650
104	2242	2652
105	2242	2652
106	2242	2652
107	2242	2652
108	2242	2652
109	2242	2652
110	2242	2652
111	2242	2652
112	2242	2652
113	2242	2652
114	2242	2652
115	2242	2652
116	2242	2652
117	2242	2652
118	2242	2652
119	2242	2652
120	2242	2652
121	2242	2652
122	2242	2652
123	2242	2652
124	2242	2652
125	2240	2650
126	2242	2652
127	2242	2652
128	2242	2652
129	2240	2650
130	2242	2652
131	2242	2652
132	2240	2650
133	2242	2652
134	2242	2652
135	2240	2650
136	2242	2652
137	2242	2652
138	2242	2652
139	2242	2652
140	2242	2652
141	2242	2652
142	2240	2650
143	2242	2652
144	2242	2652
145	2242	2652
146	2240	2650
147	2240	2650
148	2242	2652
149	2242	2652
150	2240	2650
151	2240	2650
152	2240	2650
153	2240	2650
154	2240	2650
155	2240	2650
156	2240	2650
157	2240	2650
158	2240	2650
159	2240	2650
160	2238	2648
161	2238	2648
162	2238	2648
163	2238	2648
164	2238	2648
165	2238	2648
166	2238	2648
167	2236	2646
168	2236	2646
169	2236	2646
170	2236	2646
171	2236	2646
172	2236	2646
173	2236	2646
174	2234	2644
175	2234	2644
176	2234	2644
177	2234	2644
178	2234	2644
179	2234	2644
180	2232	2642
181	2232	2642
182	2232	2642
183	2232	2642
184	2230	2640
185	2230	2640
186	2230	2640
187	2230	2640
188	2228	2638
189	2228	2638
190	2228	2638
191	2226	2636
192	2226	2636
193	2224	2634
194	2222	2632
195	2220	2630
196	2218	2628
197	2216	2626
198	2214	2624
199	2212	2622
200	2210	2620
201	2208	2618
202	2206	2616
203	2204	2614
204	2202	2612
205	2202	2612
206	2200	2610
207	2200	2610
208	2198	2608
209	2198	2608
210	2196	2606
211	2196	2606
212	2194	2604
213	2194	2604
214	2192	2602
215	2192	2602
216	2192	2602
217	2190	2600
218	2190	2600
219	2190	2600
220	2188	2598
221	2188	2598
222	2188	2598
223	2188	2598
224	2186	2596
225	2186	2596
226	2186	2596
227	2186	2596
228	2186	2596
229	2186	2596
230	2186	2596
231	2186	2596
232	2186	2596
233	2186	2596
234	2186	2596
235	2186	2596
236	2186	2596
237	2186	2596
238	2186	2596
239	2188	2598
240	2188	2598
241	2188	2598
242	2188	2598
243	2188	2598
244	2188	2598
245	2188	2598
246	2188	2598
247	2188	2598
248	2188	2598
249	2188	2598
250	2188	2598
251	2188	2598
252	2188	2598
253	2188	2598
254	2188	2598
255	2188	2598
256	2188	2598
257	2188	2598
258	2188	2598
259	2188	2598
260	2188	2598
261	2188	2598
262	2188	2598
263	2188	2598
264	2188	2598
265	2190	2600
266	2190	2600
267	2190	2600
268	2190	2600
269	2190	2600
270	2190	2600
271	2190	2600
272	2190	2600
273	2190	2600
274	2190	2600
275	2190	2600
276	2190	2600
277	2190	2600
278	2192	2602
279	2192	2602
280	2192	2602
281	2192	2602
282	2192	2602
283	2194	2604
284	2194	2604
285	2194	2604
286	2194	2604
287	2194	2604
288	2196	2606
289	2196	2606
290	2196	2606
291	2196	2606
292	2198	2608
293	2198	2608
294	2202	2612
295	2202	2612
296	2204	2614
297	2204	2614
298	2206	2616
299	2208	2618
300	2208	2618
301	2212	2622
302	2212	2622
303	2214	2624
304	2214	2624
305	2216	2626
306	2216	2626
307	2218	2628
308	2218	2628
309	2218	2628
310	2218	2628
311	2218	2628
312	2218	2628
313	2218	2628
314	2218	2628
315	2218	2628
316	2218	2628
317	2218	2628
318	2218	2628
319	2218	2628
320	2218	2628
321	2218	2628
322	2218	2628
323	2218	2628
324	2216	2626
325	2216	2626
326	2216	2626
327	2216	2626
328	2216	2626
329	2216	2626
330	2214	2624
331	2214	2624
332	2214	2624
333	2212	2622
334	2212	2622
335	2212	2622
336	2212	2622
337	2210	2620
338	2210	2620
339	2210	2620
340	2208	2618
341	2208	2618
342	2208	2618
343	2206	2616
344	2206	2616
345	2206	2616
346	2204	2614
347	2204	2614
348	2204	2614
349	2204	2614
350	2202	2612
351	2202	2612
352	2202	2612
353	2202	2612
354	2202	2612
355	2202	2612
356	2200	2610
357	2200	2610
358	2200	2610
359	2200	2610
360	2200	2610
361	2200	2610
362	2198	2608
363	2198	2608
364	2198	2608
365	2198	2608
366	2196	2606
367	2196	2606
368	2196	2606
369	2194	2604
370	2194	2604
371	2194	2604
372	2194	2604
373	2192	2602
374	2192	2602
375	2192	2602
376	2192	2602
377	2192	2602
378	2192	2602
379	2192	2602
380	2192	2602
381	2192	2602
382	2192	2602
383	2192	2602
384	2192	2602
385	2192	2602
386	2192	2602
387	2192	2602
388	2192	2602
389	2192	2602
390	2192	2602
391	2192	2602
392	2194	2604
393	2194	2604
394	2194	2604
395	2194	2604
396	2194	2604
397	2194	2604
398	2194	2604
399	2194	2604
400	2194	2604
401	2194	2604
402	2194	2604
403	2194	2604
404	2194	2604
405	2194	2604
406	2194	2604
407	2194	2604
408	2194	2604
409	2194	2604
410	2194	2604
411	2194	2604
412	2194	2604
413	2194	2604
414	2196	2606
415	2196	2606
416	2196	2606
417	2196	2606
418	2198	2608
419	2198	2608
420	2198	2608
421	2200	2610
422	2200	2610
423	2200	2610
424	2202	2612
425	2202	2612
426	2202	2612
427	2204	2614
428	2204	2614
429	2204	2614
430	2204	2614
431	2206	2616
432	2206	2616
433	2206	2616
434	2206	2616
435	2208	2618
436	2208	2618
437	2208	2618
438	2208	2618
439	2208	2618
440	2208	2618
441	2210	2620
442	2210	2620
443	2210	2620
444	2210	2620
445	2208	2618
446	2208	2618
447	2208	2618
448	2206	2616
449	2206	2616
450	2206	2616
451	2204	2614
452	2202	2612
453	2202	2612
454	2200	2610
455	2198	2608
456	2198	2608
457	2196	2606
458	2196	2606
459	2196	2606
460	2194	2604
461	2194	2604
462	2194	2604
463	2194	2604
464	2194	2604
465	2194	2604
466	2194	2604
467	2194	2604
468	2194	2604
469	2194	2604
470	2192	2602
471	2192	2602
472	2192	2602
473	2192	2602
474	2192	2602
475	2192	2602
476	2192	2602
477	2192	2602
478	2192	2602
479	2192	2602
480	2192	2602
481	2192	2602
482	2194	2604
483	2194	2604
484	2194	2604
485	2194	2604
486	2194	2604
487	2194	2604
488	2194	2604
489	2196	2606
490	2196	2606
491	2196	2606
492	2196	2606
493	2196	2606
494	2198	2608
495	2198	2608
496	2198	2608
497	2198	2608
498	2198	2608
499	2200	2610
500	2200	2610
501	2200	2610
502	2200	2610
503	2200	2610
504	2202	2612
505	2202	2612
506	2202	2612
507	2202	2612
508	2204	2614
509	2204	2614
510	2204	2614
511	2204	2614
512	2204	2614
513	2206	2616
514	2206	2616
515	2206	2616
516	2208	2618
517	2208	2618
518	2208	2618
519	2208	2618
520	2208	2618
521	2210	2620
522	2210	2620
523	2210	2620
524	2210	2620
525	2210	2620
526	2210	2620
527	2210	2620
528	2210	2620
529	2212	2622
530	2212	2622
531	2212	2622
532	2212	2622
533	2212	2622
534	2212	2622
535	2212	2622
536	2212	2622
537	2212	2622
538	2212	2622
539	2212	2622
540	2212	2622
541	2212	2622
542	2212	2622
543	2212	2622
544	2212	2622
545	2212	2622
546	2212	2622
547	2212	2622
548	2214	2624
549	2214	2624
550	2214	2624
551	2214	2624
552	2214	2624
553	2214	2624
554	2214	2624
555	2214	2624
556	2214	2624
557	2214	2624
558	2216	2626
559	2216	2626
560	2216	2626
561	2216	2626
562	2218	2628
563	2218	2628
564	2218	2628
565	2218	2628
566	2218	2628
567	2220	2630
568	2220	2630
569	2220	2630
570	2220	2630
571	2220	2630
572	2222	2632
573	2222	2632
574	2222	2632
575	2222	2632
576	2222	2632
577	2222	2632
578	2222	2632
579	2222	2632
580	2222	2632
581	2222	2632
582	2222	2632
583	2222	2632
584	2222	2632
585	2222	2632
586	2222	2632
587	2222	2632
588	2222	2632
589	2220	2630
590	2220	2630
591	2220	2630
592	2220	2630
593	2220	2630
594	2220	2630
595	2220	2630
596	2220	2630
597	2220	2630
598	2220	2630
599	2220	2630
600	2220	2630
601	2220	2630
602	2220	2630
603	2220	2630
604	2220	2630
605	2220	2630
606	2220	2630
607	2220	2630
608	2220	2630
609	2220	2630
610	2220	2630
611	2220	2630
612	2220	2630
613	2220	2630
614	2220	2630
615	2220	2630
616	2220	2630
617	2220	2630
618	2220	2630
619	2220	2630
620	2220	2630
621	2220	2630
622	2220	2630
623	2220	2630
624	2220	2630
625	2220	2630
626	2220	2630
627	2220	2630
628	2220	2630
629	2220	2630
630	2220	2630
631	2222	2632
632	2222	2632
633	2222	2632
634	2222	2632
635	2222	2632
636	2222	2632
637	2224	2634
638	2224	2634
639	2224	2634
640	2224	2634
641	2224	2634
642	2224	2634
643	2224	2634
644	2224	2634
645	2224	2634
646	2224	2634
647	2226	2636
648	2226	2636
649	2226	2636
650	2226	2636
651	2226	2636
652	2226	2636
653	2226	2636
654	2226	2636
655	2226	2636
656	2226	2636
657	2226	2636
658	2226	2636
659	2226	2636
660	2226	2636
661	2226	2636
662	2226	2636
663	2226	2636
664	2226	2636
665	2226	2636
666	2226	2636
667	2226	2636
668	2226	2636
669	2226	2636
670	2226	2636
671	2226	2636
672	2226	2636
673	2226	2636
674	2226	2636
675	2226	2636
676	2226	2636
677	2226	2636
678	2226	2636
679	2226	2636
680	2226	2636
681	2226	2636
682	2226	2636
683	2226	2636
684	2226	2636
685	2226	2636
686	2226	2636
687	2226	2636
688	2228	2638
689	2228	2638
690	2228	2638
691	2228	2638
692	2228	2638
693	2228	2638
694	2228	2638
695	2230	2640
696	2230	2640
697	2230	2640
698	2230	2640
699	2232	2642
700	2232	2642
701	2232	2642
702	2232	2642
703	2234	2644
704	2234	2644
705	2234	2644
706	2234	2644
707	2234	2644
708	2234	2644
709	2234	2644
710	2236	2646
711	2236	2646
712	2236	2646
713	2236	2646
714	2236	2646
715	2236	2646
716	2238	2648
717	2238	2648
718	2238	2648
719	2238	2648
720	2238	2648
721	2238	2648
722	2238	2648
723	2240	2650
724	2240	2650
725	2240	2650
726	2240	2650
727	2240	2650
728	2242	2652
729	2242	2652
730	2242	2652
731	2242	2652
732	2242	2652
733	2244	2654
734	2244	2654
735	2244	2654
736	2244	2654
737	2246	2656
738	2246	2656
739	2246	2656
740	2246	2656
741	2246	2656
742	2246	2656
743	2246	2656
744	2246	2656
