434987.141	3455254.18	2054	1197	2.434
435010.031	3455264.22	2055	1197	2.434
435022.881	3455297.16	2056	1198	2.434
435045.771	3455307.2	2057	1198	2.434
435068.662	3455317.24	2058	1198	2.434
435091.552	3455327.28	2059	1198	2.434
435114.442	3455337.32	2060	1198	2.434
435127.292	3455370.26	2061	1199	2.434
435150.183	3455380.3	2062	1199	2.434
435173.073	3455390.34	2063	1199	2.434
435195.963	3455400.38	2064	1199	2.434
435218.853	3455410.42	2065	1199	2.434
435231.703	3455443.36	2066	1200	2.434
435254.594	3455453.4	2067	1200	2.434
435277.484	3455463.44	2068	1200	2.434
435300.374	3455473.48	2069	1200	2.434
435323.265	3455483.52	2070	1200	2.434
435336.115	3455516.46	2071	1201	2.434
435359.005	3455526.5	2072	1201	2.434
435381.895	3455536.54	2073	1201	2.434
435404.785	3455546.58	2074	1201	2.434
435427.676	3455556.62	2075	1201	2.434
435440.526	3455589.56	2076	1202	2.434
435463.416	3455599.6	2077	1202	2.434
435486.306	3455609.65	2078	1202	2.434
435509.197	3455619.69	2079	1202	2.434
435532.087	3455629.73	2080	1202	2.434
435544.937	3455662.67	2081	1203	2.434
435567.827	3455672.71	2082	1203	2.434
435590.718	3455682.75	2083	1203	2.434
435613.608	3455692.79	2084	1203	2.434
435636.498	3455702.83	2085	1203	2.434
435659.388	3455712.87	2086	1203	2.434
435672.238	3455745.81	2087	1204	2.434
435695.129	3455755.85	2088	1204	2.434
435718.019	3455765.89	2089	1204	2.434
435740.909	3455775.93	2090	1204	2.434
435763.8	3455785.97	2091	1204	2.434
435776.65	3455818.91	2092	1205	2.434
435799.54	3455828.95	2093	1205	2.434
435822.43	3455838.99	2094	1205	2.434
435845.321	3455849.03	2095	1205	2.434
435868.211	3455859.07	2096	1205	2.434
435881.061	3455892.01	2097	1206	2.434
435903.951	3455902.05	2098	1206	2.434
435926.841	3455912.09	2099	1206	2.434
435949.732	3455922.13	2100	1206	2.434
435972.622	3455932.17	2101	1206	2.434
435985.472	3455965.11	2102	1207	2.434
436008.362	3455975.15	2103	1207	2.434
436031.253	3455985.19	2104	1207	2.434
436054.143	3455995.23	2105	1207	2.434
436066.993	3456028.17	2106	1208	2.434
436089.883	3456038.21	2107	1208	2.434
436112.774	3456048.25	2108	1208	2.434
436125.624	3456081.19	2109	1209	2.434
436148.514	3456091.23	2110	1209	2.434
436171.404	3456101.27	2111	1209	2.434
436194.294	3456111.31	2112	1209	2.434
436207.145	3456144.25	2113	1210	2.434
436230.035	3456154.29	2114	1210	2.434
436252.925	3456164.33	2115	1210	2.434
436265.775	3456197.27	2116	1211	2.434
436288.665	3456207.31	2117	1211	2.434
436311.556	3456217.35	2118	1211	2.434
436334.446	3456227.39	2119	1211	2.434
436347.296	3456260.33	2120	1212	2.434
436370.186	3456270.37	2121	1212	2.434
436393.077	3456280.41	2122	1212	2.434
436415.967	3456290.45	2123	1212	2.434
436428.817	3456323.4	2124	1213	2.434
436451.707	3456333.44	2125	1213	2.434
436474.598	3456343.48	2126	1213	2.434
436497.488	3456353.52	2127	1213	2.434
436510.338	3456386.46	2128	1214	2.434
436533.228	3456396.5	2129	1214	2.434
436556.118	3456406.54	2130	1214	2.434
436568.968	3456439.48	2131	1215	2.434
436591.859	3456449.52	2132	1215	2.434
436614.749	3456459.56	2133	1215	2.434
436627.599	3456492.5	2134	1216	2.434
436650.489	3456502.54	2135	1216	2.434
436673.38	3456512.58	2136	1216	2.434
436696.27	3456522.62	2137	1216	2.434
436709.12	3456555.56	2138	1217	2.434
436732.01	3456565.6	2139	1217	2.434
436754.901	3456575.64	2140	1217	2.434
436767.751	3456608.58	2141	1218	2.434
436790.641	3456618.62	2142	1218	2.434
436813.531	3456628.66	2143	1218	2.434
436836.421	3456638.7	2144	1218	2.434
436849.272	3456671.64	2145	1219	2.434
436872.162	3456681.68	2146	1219	2.434
436895.052	3456691.72	2147	1219	2.434
436917.942	3456701.76	2148	1219	2.434
436930.792	3456734.7	2149	1220	2.434
436953.683	3456744.74	2150	1220	2.434
436976.573	3456754.78	2151	1220	2.434
436989.423	3456787.72	2152	1221	2.434
437012.313	3456797.76	2153	1221	2.434
437035.204	3456807.8	2154	1221	2.434
437058.094	3456817.84	2155	1221	2.434
437070.944	3456850.78	2156	1222	2.434
437093.834	3456860.82	2157	1222	2.434
437116.725	3456870.86	2158	1222	2.434
437139.615	3456880.9	2159	1222	2.434
437129.575	3456903.8	2159	1223	2.434
437152.465	3456913.84	2160	1223	2.434
437175.355	3456923.88	2161	1223	2.434
437188.205	3456956.83	2162	1224	2.434
437211.095	3456966.87	2163	1224	2.434
437233.986	3456976.91	2164	1224	2.434
437256.876	3456986.95	2165	1224	2.434
437269.726	3457019.89	2166	1225	2.434
437292.616	3457029.93	2167	1225	2.434
437315.507	3457039.97	2168	1225	2.434
437338.397	3457050.01	2169	1225	2.434
437351.247	3457082.95	2170	1226	2.434
437374.137	3457092.99	2171	1226	2.434
437397.028	3457103.03	2172	1226	2.434
437409.878	3457135.97	2173	1227	2.434
437432.768	3457146.01	2174	1227	2.434
437455.658	3457156.05	2175	1227	2.434
437478.548	3457166.09	2176	1227	2.434
437491.398	3457199.03	2177	1228	2.434
437514.289	3457209.07	2178	1228	2.434
437537.179	3457219.11	2179	1228	2.434
437560.069	3457229.15	2180	1228	2.434
437572.919	3457262.09	2181	1229	2.434
437595.81	3457272.13	2182	1229	2.434
437618.7	3457282.17	2183	1229	2.434
437631.55	3457315.11	2184	1230	2.434
437654.44	3457325.15	2185	1230	2.434
437677.331	3457335.19	2186	1230	2.434
437690.181	3457368.13	2187	1231	2.434
437713.071	3457378.17	2188	1231	2.434
437735.961	3457388.21	2189	1231	2.434
437758.852	3457398.25	2190	1231	2.434
437771.702	3457431.19	2191	1232	2.434
437794.592	3457441.23	2192	1232	2.434
437817.482	3457451.27	2193	1232	2.434
437830.332	3457484.21	2194	1233	2.434
437853.222	3457494.25	2195	1233	2.434
437876.113	3457504.29	2196	1233	2.434
437899.003	3457514.33	2197	1233	2.434
437911.853	3457547.27	2198	1234	2.434
437934.743	3457557.31	2199	1234	2.434
437957.634	3457567.35	2200	1234	2.434
437980.524	3457577.39	2201	1234	2.434
437993.374	3457610.34	2202	1235	2.434
438016.264	3457620.38	2203	1235	2.434
438039.155	3457630.42	2204	1235	2.434
438052.005	3457663.36	2205	1236	2.434
438074.895	3457673.4	2206	1236	2.434
438097.785	3457683.44	2207	1236	2.434
438120.675	3457693.48	2208	1236	2.434
438133.525	3457726.42	2209	1237	2.434
438156.416	3457736.46	2210	1237	2.434
438179.306	3457746.5	2211	1237	2.434
438192.156	3457779.44	2212	1238	2.434
438215.046	3457789.48	2213	1238	2.434
438237.937	3457799.52	2214	1238	2.434
438250.787	3457832.46	2215	1239	2.434
438273.677	3457842.5	2216	1239	2.434
438296.567	3457852.54	2217	1239	2.434
438319.458	3457862.58	2218	1239	2.434
438332.308	3457895.52	2219	1240	2.434
438355.198	3457905.56	2220	1240	2.434
438378.088	3457915.6	2221	1240	2.434
438400.978	3457925.64	2222	1240	2.434
438413.829	3457958.58	2223	1241	2.434
438436.719	3457968.62	2224	1241	2.434
438459.609	3457978.66	2225	1241	2.434
438472.459	3458011.6	2226	1242	2.434
438495.349	3458021.64	2227	1242	2.434
438518.24	3458031.68	2228	1242	2.434
438541.13	3458041.72	2229	1242	2.434
438553.98	3458074.66	2230	1243	2.434
438576.87	3458084.7	2231	1243	2.434
438599.761	3458094.74	2232	1243	2.434
438622.651	3458104.78	2233	1243	2.434
438635.501	3458137.72	2234	1244	2.434
438658.391	3458147.76	2235	1244	2.434
438681.282	3458157.8	2236	1244	2.434
438671.241	3458180.7	2236	1245	2.434
438694.132	3458190.74	2237	1245	2.434
438717.022	3458200.78	2238	1245	2.434
438739.912	3458210.82	2239	1245	2.434
438752.762	3458243.76	2240	1246	2.434
438775.652	3458253.81	2241	1246	2.434
438798.543	3458263.85	2242	1246	2.434
438821.433	3458273.89	2243	1246	2.434
438834.283	3458306.83	2244	1247	2.434
438857.173	3458316.87	2245	1247	2.434
438880.064	3458326.91	2246	1247	2.434
438892.914	3458359.85	2247	1248	2.434
438915.804	3458369.89	2248	1248	2.434
438938.694	3458379.93	2249	1248	2.434
438961.585	3458389.97	2250	1248	2.434
438974.435	3458422.91	2251	1249	2.434
438997.325	3458432.95	2252	1249	2.434
439020.215	3458442.99	2253	1249	2.434
439043.105	3458453.03	2254	1249	2.434
439055.956	3458485.97	2255	1250	2.434
439078.846	3458496.01	2256	1250	2.434
439101.736	3458506.05	2257	1250	2.434
439124.626	3458516.09	2258	1250	2.434
439137.476	3458549.03	2259	1251	2.434
439160.367	3458559.07	2260	1251	2.434
439183.257	3458569.11	2261	1251	2.434
439196.107	3458602.05	2262	1252	2.434
439218.997	3458612.09	2263	1252	2.434
439241.888	3458622.13	2264	1252	2.434
439254.738	3458655.07	2265	1253	2.434
439277.628	3458665.11	2266	1253	2.434
439300.518	3458675.15	2267	1253	2.434
439323.409	3458685.19	2268	1253	2.434
439336.259	3458718.13	2269	1254	2.434
439326.218	3458741.03	2269	1255	2.434
439316.178	3458763.93	2269	1256	2.434
439329.028	3458796.87	2270	1257	2.434
439318.988	3458819.78	2270	1258	2.434
439331.838	3458852.72	2271	1259	2.434
439321.798	3458875.62	2271	1260	2.434
439311.757	3458898.52	2271	1261	2.434
439324.607	3458931.46	2272	1262	2.434
439314.567	3458954.36	2272	1263	2.434
439304.527	3458977.26	2272	1264	2.434
439317.377	3459010.2	2273	1265	2.434
439307.337	3459033.1	2273	1266	2.434
439330.227	3459043.14	2274	1266	2.434
439320.187	3459066.04	2274	1267	2.434
439310.146	3459088.94	2274	1268	2.434
439322.996	3459121.88	2275	1269	2.434
439335.846	3459154.82	2276	1270	2.434
439348.696	3459187.77	2277	1271	2.434
439361.546	3459220.71	2278	1272	2.434
439374.396	3459253.65	2279	1273	2.434
439387.247	3459286.59	2280	1274	2.434
439400.097	3459319.53	2281	1275	2.434
439412.947	3459352.47	2282	1276	2.434
439425.797	3459385.41	2283	1277	2.434
439448.687	3459395.45	2284	1277	2.434
439438.647	3459418.35	2284	1278	2.434
439451.497	3459451.29	2285	1279	2.434
439474.387	3459461.33	2286	1279	2.434
439464.347	3459484.23	2286	1280	2.434
439477.197	3459517.17	2287	1281	2.434
439490.047	3459550.11	2288	1282	2.434
439512.937	3459560.15	2289	1282	2.434
439502.897	3459583.05	2289	1283	2.434
439515.747	3459616	2290	1284	2.434
439538.637	3459626.04	2291	1284	2.434
439528.597	3459648.94	2291	1285	2.434
439541.447	3459681.88	2292	1286	2.434
439564.337	3459691.92	2293	1286	2.434
439577.187	3459724.86	2294	1287	2.434
439567.147	3459747.76	2294	1288	2.434
439579.997	3459780.7	2295	1289	2.434
439602.887	3459790.74	2296	1289	2.434
439592.847	3459813.64	2296	1290	2.434
439605.697	3459846.58	2297	1291	2.434
439628.587	3459856.62	2298	1291	2.434
439641.437	3459889.56	2299	1292	2.434
439631.397	3459912.46	2299	1293	2.434
439654.287	3459922.5	2300	1293	2.434
439667.137	3459955.44	2301	1294	2.434
439679.987	3459988.38	2302	1295	2.434
439669.947	3460011.29	2302	1296	2.434
439692.837	3460021.33	2303	1296	2.434
439682.797	3460044.23	2303	1297	2.434
439672.757	3460067.13	2303	1298	2.434
439662.717	3460090.03	2303	1299	2.434
439629.786	3460102.89	2302	1300	2.434
439619.746	3460125.79	2302	1301	2.434
439609.706	3460148.69	2302	1302	2.434
439599.665	3460171.59	2302	1303	2.434
439589.625	3460194.49	2302	1304	2.434
439579.585	3460217.39	2302	1305	2.434
439546.654	3460230.25	2301	1306	2.434
439536.614	3460253.15	2301	1307	2.434
439526.574	3460276.05	2301	1308	2.434
439516.533	3460298.95	2301	1309	2.434
439506.493	3460321.86	2301	1310	2.434
439496.453	3460344.76	2301	1311	2.434
439486.413	3460367.66	2301	1312	2.434
439453.482	3460380.52	2300	1313	2.434
439443.442	3460403.42	2300	1314	2.434
439433.402	3460426.32	2300	1315	2.434
439423.361	3460449.22	2300	1316	2.434
439413.321	3460472.12	2300	1317	2.434
439403.281	3460495.02	2300	1318	2.434
439393.241	3460517.92	2300	1319	2.434
439360.31	3460530.78	2299	1320	2.434
439350.27	3460553.68	2299	1321	2.434
439340.229	3460576.58	2299	1322	2.434
439330.189	3460599.49	2299	1323	2.434
439320.149	3460622.39	2299	1324	2.434
439310.109	3460645.29	2299	1325	2.434
439300.068	3460668.19	2299	1326	2.434
439267.138	3460681.05	2298	1327	2.434
439257.098	3460703.95	2298	1328	2.434
439247.057	3460726.85	2298	1329	2.434
439237.017	3460749.75	2298	1330	2.434
439226.977	3460772.65	2298	1331	2.434
439216.937	3460795.55	2298	1332	2.434
439184.006	3460808.41	2297	1333	2.434
439173.966	3460831.31	2297	1334	2.434
439163.925	3460854.21	2297	1335	2.434
439153.885	3460877.11	2297	1336	2.434
439143.845	3460900.02	2297	1337	2.434
439133.805	3460922.92	2297	1338	2.434
439123.764	3460945.82	2297	1339	2.434
439090.834	3460958.68	2296	1340	2.434
439080.794	3460981.58	2296	1341	2.434
439070.753	3461004.48	2296	1342	2.434
439060.713	3461027.38	2296	1343	2.434
439050.673	3461050.28	2296	1344	2.434
439040.633	3461073.18	2296	1345	2.434
439030.592	3461096.08	2296	1346	2.434
438997.662	3461108.94	2295	1347	2.434
438987.621	3461131.84	2295	1348	2.434
438977.581	3461154.74	2295	1349	2.434
438967.541	3461177.65	2295	1350	2.434
438957.501	3461200.55	2295	1351	2.434
438947.46	3461223.45	2295	1352	2.434
438937.42	3461246.35	2295	1353	2.434
438904.49	3461259.21	2294	1354	2.434
438894.449	3461282.11	2294	1355	2.434
438884.409	3461305.01	2294	1356	2.434
438874.369	3461327.91	2294	1357	2.434
438864.329	3461350.81	2294	1358	2.434
438854.288	3461373.71	2294	1359	2.434
438844.248	3461396.61	2294	1360	2.434
438821.358	3461386.57	2293	1360	2.434
438811.318	3461409.47	2293	1361	2.434
438801.277	3461432.37	2293	1362	2.434
438791.237	3461455.27	2293	1363	2.434
438781.197	3461478.18	2293	1364	2.434
438771.156	3461501.08	2293	1365	2.434
438738.226	3461513.94	2292	1366	2.434
438728.186	3461536.84	2292	1367	2.434
438718.145	3461559.74	2292	1368	2.434
438708.105	3461582.64	2292	1369	2.434
438698.065	3461605.54	2292	1370	2.434
438688.025	3461628.44	2292	1371	2.434
438677.984	3461651.34	2292	1372	2.434
438645.054	3461664.2	2291	1373	2.434
438635.014	3461687.1	2291	1374	2.434
438624.973	3461710	2291	1375	2.434
438614.933	3461732.9	2291	1376	2.434
438604.893	3461755.81	2291	1377	2.434
438594.852	3461778.71	2291	1378	2.434
438584.812	3461801.61	2291	1379	2.434
438551.882	3461814.47	2290	1380	2.434
438541.841	3461837.37	2290	1381	2.434
438531.801	3461860.27	2290	1382	2.434
438521.761	3461883.17	2290	1383	2.434
438511.721	3461906.07	2290	1384	2.434
438501.68	3461928.97	2290	1385	2.434
438491.64	3461951.87	2290	1386	2.434
438458.71	3461964.73	2289	1387	2.434
438448.669	3461987.63	2289	1388	2.434
438438.629	3462010.53	2289	1389	2.434
438428.589	3462033.43	2289	1390	2.434
438418.548	3462056.34	2289	1391	2.434
438408.508	3462079.24	2289	1392	2.434
438398.468	3462102.14	2289	1393	2.434
438365.537	3462115	2288	1394	2.434
438355.497	3462137.9	2288	1395	2.434
438345.457	3462160.8	2288	1396	2.434
438335.417	3462183.7	2288	1397	2.434
438325.376	3462206.6	2288	1398	2.434
438315.336	3462229.5	2288	1399	2.434
438282.406	3462242.36	2287	1400	2.434
438272.365	3462265.26	2287	1401	2.434
438262.325	3462288.16	2287	1402	2.434
438252.285	3462311.06	2287	1403	2.434
438242.244	3462333.97	2287	1404	2.434
438232.204	3462356.87	2287	1405	2.434
438222.164	3462379.77	2287	1406	2.434
438189.233	3462392.63	2286	1407	2.434
438179.193	3462415.53	2286	1408	2.434
438169.153	3462438.43	2286	1409	2.434
438159.113	3462461.33	2286	1410	2.434
438149.072	3462484.23	2286	1411	2.434
438139.032	3462507.13	2286	1412	2.434
438128.992	3462530.03	2286	1413	2.434
438096.061	3462542.89	2285	1414	2.434
438086.021	3462565.79	2285	1415	2.434
438075.981	3462588.69	2285	1416	2.434
438065.94	3462611.59	2285	1417	2.434
438055.9	3462634.5	2285	1418	2.434
438045.86	3462657.4	2285	1419	2.434
438088.831	3462621.64	2286	1417	2.434
438111.721	3462631.68	2287	1417	2.434
438121.761	3462608.77	2287	1416	2.434
438154.692	3462595.91	2288	1415	2.434
438164.732	3462573.01	2288	1414	2.434
438197.663	3462560.15	2289	1413	2.434
438220.553	3462570.19	2290	1413	2.434
438230.593	3462547.29	2290	1412	2.434
438263.524	3462534.43	2291	1411	2.434
438296.454	3462521.57	2292	1410	2.434
438306.495	3462498.67	2292	1409	2.434
438329.385	3462508.71	2293	1409	2.434
438339.425	3462485.81	2293	1408	2.434
438372.356	3462472.95	2294	1407	2.434
438405.286	3462460.09	2295	1406	2.434
438438.217	3462447.23	2296	1405	2.434
438471.147	3462434.37	2297	1404	2.434
438481.188	3462411.47	2297	1403	2.434
438514.118	3462398.6	2298	1402	2.434
438547.049	3462385.74	2299	1401	2.434
438579.979	3462372.88	2300	1400	2.434
438590.02	3462349.98	2300	1399	2.434
438622.95	3462337.12	2301	1398	2.434
438655.881	3462324.26	2302	1397	2.434
438688.811	3462311.4	2303	1396	2.434
438698.852	3462288.5	2303	1395	2.434
438721.742	3462298.54	2304	1395	2.434
438754.672	3462285.68	2305	1394	2.434
438764.713	3462262.78	2305	1393	2.434
438797.643	3462249.92	2306	1392	2.434
438807.683	3462227.02	2306	1391	2.434
438830.574	3462237.06	2307	1391	2.434
438863.504	3462224.2	2308	1390	2.434
438873.545	3462201.3	2308	1389	2.434
438906.475	3462188.43	2309	1388	2.434
438929.365	3462198.47	2310	1388	2.434
438939.406	3462175.57	2310	1387	2.434
438972.336	3462162.71	2311	1386	2.434
438982.376	3462139.81	2311	1385	2.434
439015.307	3462126.95	2312	1384	2.434
439038.197	3462136.99	2313	1384	2.434
439048.238	3462114.09	2313	1383	2.434
439081.168	3462101.23	2314	1382	2.434
439114.099	3462088.37	2315	1381	2.434
439124.139	3462065.47	2315	1380	2.434
439147.029	3462075.51	2316	1380	2.434
439157.07	3462052.61	2316	1379	2.434
439190	3462039.75	2317	1378	2.434
439222.931	3462026.89	2318	1377	2.434
439255.861	3462014.03	2319	1376	2.434
439288.792	3462001.17	2320	1375	2.434
439298.832	3461978.26	2320	1374	2.434
439331.763	3461965.4	2321	1373	2.434
439364.693	3461952.54	2322	1372	2.434
439397.624	3461939.68	2323	1371	2.434
439407.664	3461916.78	2323	1370	2.434
439430.554	3461926.82	2324	1370	2.434
439463.485	3461913.96	2325	1369	2.434
439473.525	3461891.06	2325	1368	2.434
439506.456	3461878.2	2326	1367	2.434
439516.496	3461855.3	2326	1366	2.434
439539.386	3461865.34	2327	1366	2.434
439572.317	3461852.48	2328	1365	2.434
439582.357	3461829.58	2328	1364	2.434
439615.287	3461816.72	2329	1363	2.434
439648.218	3461803.86	2330	1362	2.434
439681.149	3461791	2331	1361	2.434
439691.189	3461768.09	2331	1360	2.434
439724.119	3461755.23	2332	1359	2.434
439747.01	3461765.27	2333	1359	2.434
439769.9	3461775.31	2334	1359	2.434
439802.831	3461762.45	2335	1358	2.434
439825.721	3461772.49	2336	1358	2.434
439848.611	3461782.53	2337	1358	2.434
439871.501	3461792.57	2338	1358	2.434
439894.392	3461802.61	2339	1358	2.434
439917.282	3461812.65	2340	1358	2.434
439940.172	3461822.69	2341	1358	2.434
439963.063	3461832.73	2342	1358	2.434
439985.953	3461842.77	2343	1358	2.434
440008.843	3461852.81	2344	1358	2.434
440031.733	3461862.85	2345	1358	2.434
440054.624	3461872.89	2346	1358	2.434
440077.514	3461882.93	2347	1358	2.434
440100.404	3461892.97	2348	1358	2.434
440123.295	3461903.01	2349	1358	2.434
440146.185	3461913.05	2350	1358	2.434
440169.075	3461923.09	2351	1358	2.434
440191.966	3461933.13	2352	1358	2.434
440214.856	3461943.17	2353	1358	2.434
440237.746	3461953.21	2354	1358	2.434
440260.636	3461963.25	2355	1358	2.434
440283.527	3461973.29	2356	1358	2.434
440306.417	3461983.33	2357	1358	2.434
440329.307	3461993.37	2358	1358	2.434
440362.238	3461980.51	2359	1357	2.434
440385.128	3461990.55	2360	1357	2.434
440408.018	3462000.59	2361	1357	2.434
440430.909	3462010.63	2362	1357	2.434
440453.799	3462020.67	2363	1357	2.434
440476.689	3462030.71	2364	1357	2.434
440499.58	3462040.75	2365	1357	2.434
440522.47	3462050.79	2366	1357	2.434
440545.36	3462060.83	2367	1357	2.434
440568.25	3462070.87	2368	1357	2.434
440591.141	3462080.91	2369	1357	2.434
440614.031	3462090.95	2370	1357	2.434
440636.921	3462100.99	2371	1357	2.434
440659.812	3462111.03	2372	1357	2.434
440682.702	3462121.07	2373	1357	2.434
440705.592	3462131.11	2374	1357	2.434
440728.483	3462141.15	2375	1357	2.434
440751.373	3462151.19	2376	1357	2.434
440774.263	3462161.23	2377	1357	2.434
440797.153	3462171.27	2378	1357	2.434
440820.044	3462181.31	2379	1357	2.434
440842.934	3462191.35	2380	1357	2.434
440865.824	3462201.39	2381	1357	2.434
440898.755	3462188.53	2382	1356	2.434
440921.645	3462198.57	2383	1356	2.434
440944.535	3462208.61	2384	1356	2.434
440967.426	3462218.65	2385	1356	2.434
440990.316	3462228.69	2386	1356	2.434
441013.206	3462238.73	2387	1356	2.434
441036.097	3462248.77	2388	1356	2.434
441058.987	3462258.81	2389	1356	2.434
441081.877	3462268.85	2390	1356	2.434
441104.767	3462278.89	2391	1356	2.434
441127.658	3462288.93	2392	1356	2.434
441150.548	3462298.97	2393	1356	2.434
441173.438	3462309.01	2394	1356	2.434
441196.329	3462319.05	2395	1356	2.434
441219.219	3462329.09	2396	1356	2.434
441242.109	3462339.13	2397	1356	2.434
441264.999	3462349.17	2398	1356	2.434
441287.89	3462359.21	2399	1356	2.434
441310.78	3462369.25	2400	1356	2.434
441333.67	3462379.29	2401	1356	2.434
441356.561	3462389.33	2402	1356	2.434
441379.451	3462399.37	2403	1356	2.434
441402.341	3462409.41	2404	1356	2.434
441435.272	3462396.55	2405	1355	2.434
441458.162	3462406.59	2406	1355	2.434
441481.052	3462416.63	2407	1355	2.434
441503.943	3462426.67	2408	1355	2.434
441526.833	3462436.71	2409	1355	2.434
441549.723	3462446.75	2410	1355	2.434
441572.614	3462456.79	2411	1355	2.434
441595.504	3462466.83	2412	1355	2.434
441618.394	3462476.87	2413	1355	2.434
441641.284	3462486.91	2414	1355	2.434
441664.175	3462496.95	2415	1355	2.434
441687.065	3462506.99	2416	1355	2.434
441709.955	3462517.03	2417	1355	2.434
441732.846	3462527.07	2418	1355	2.434
441755.736	3462537.11	2419	1355	2.434
441778.626	3462547.15	2420	1355	2.434
441801.516	3462557.19	2421	1355	2.434
441824.407	3462567.23	2422	1355	2.434
441847.297	3462577.27	2423	1355	2.434
441870.187	3462587.31	2424	1355	2.434
441893.078	3462597.35	2425	1355	2.434
441915.968	3462607.39	2426	1355	2.434
441938.858	3462617.43	2427	1355	2.434
441971.789	3462604.57	2428	1354	2.434
441994.679	3462614.61	2429	1354	2.434
442017.569	3462624.65	2430	1354	2.434
442040.46	3462634.69	2431	1354	2.434
442063.35	3462644.73	2432	1354	2.434
442086.24	3462654.77	2433	1354	2.434
442109.131	3462664.81	2434	1354	2.434
442132.021	3462674.85	2435	1354	2.434
442154.911	3462684.89	2436	1354	2.434
442177.801	3462694.93	2437	1354	2.434
442200.692	3462704.97	2438	1354	2.434
442223.582	3462715.01	2439	1354	2.434
442246.472	3462725.05	2440	1354	2.434
442269.363	3462735.09	2441	1354	2.434
442292.253	3462745.13	2442	1354	2.434
442315.143	3462755.17	2443	1354	2.434
442338.033	3462765.21	2444	1354	2.434
442360.924	3462775.25	2445	1354	2.434
442383.814	3462785.29	2446	1354	2.434
442406.704	3462795.33	2447	1354	2.434
442429.595	3462805.37	2448	1354	2.434
442452.485	3462815.41	2449	1354	2.434
442475.375	3462825.45	2450	1354	2.434
442498.265	3462835.49	2451	1354	2.434
442531.196	3462822.63	2452	1353	2.434
442554.086	3462832.67	2453	1353	2.434
442576.977	3462842.71	2454	1353	2.434
442599.867	3462852.75	2455	1353	2.434
442622.757	3462862.79	2456	1353	2.434
442645.647	3462872.83	2457	1353	2.434
442668.538	3462882.87	2458	1353	2.434
442691.428	3462892.91	2459	1353	2.434
442714.318	3462902.95	2460	1353	2.434
442737.209	3462912.99	2461	1353	2.434
442760.099	3462923.03	2462	1353	2.434
442782.989	3462933.07	2463	1353	2.434
442805.88	3462943.11	2464	1353	2.434
442828.77	3462953.15	2465	1353	2.434
442851.66	3462963.19	2466	1353	2.434
442874.55	3462973.23	2467	1353	2.434
442897.441	3462983.27	2468	1353	2.434
442920.331	3462993.31	2469	1353	2.434
442943.221	3463003.36	2470	1353	2.434
442966.112	3463013.4	2471	1353	2.434
442989.002	3463023.44	2472	1353	2.434
443011.892	3463033.48	2473	1353	2.434
443034.782	3463043.52	2474	1353	2.434
443067.713	3463030.65	2475	1352	2.434
443090.603	3463040.69	2476	1352	2.434
443113.494	3463050.73	2477	1352	2.434
443136.384	3463060.77	2478	1352	2.434
443159.274	3463070.81	2479	1352	2.434
443182.164	3463080.85	2480	1352	2.434
443205.055	3463090.89	2481	1352	2.434
443227.945	3463100.93	2482	1352	2.434
443250.835	3463110.97	2483	1352	2.434
443273.726	3463121.01	2484	1352	2.434
443296.616	3463131.05	2485	1352	2.434
443319.506	3463141.09	2486	1352	2.434
443342.397	3463151.14	2487	1352	2.434
443365.287	3463161.18	2488	1352	2.434
443388.177	3463171.22	2489	1352	2.434
443411.067	3463181.26	2490	1352	2.434
443433.958	3463191.3	2491	1352	2.434
443456.848	3463201.34	2492	1352	2.434
443479.738	3463211.38	2493	1352	2.434
443502.629	3463221.42	2494	1352	2.434
443525.519	3463231.46	2495	1352	2.434
443548.409	3463241.5	2496	1352	2.434
443571.299	3463251.54	2497	1352	2.434
443604.23	3463238.67	2498	1351	2.434
443627.12	3463248.71	2499	1351	2.434
443650.011	3463258.75	2500	1351	2.434
443672.901	3463268.79	2501	1351	2.434
443695.791	3463278.83	2502	1351	2.434
443718.681	3463288.87	2503	1351	2.434
443741.572	3463298.92	2504	1351	2.434
443764.462	3463308.96	2505	1351	2.434
443787.352	3463319	2506	1351	2.434
443810.243	3463329.04	2507	1351	2.434
443833.133	3463339.08	2508	1351	2.434
443856.023	3463349.12	2509	1351	2.434
443878.914	3463359.16	2510	1351	2.434
443901.804	3463369.2	2511	1351	2.434
443924.694	3463379.24	2512	1351	2.434
443947.584	3463389.28	2513	1351	2.434
443970.475	3463399.32	2514	1351	2.434
443993.365	3463409.36	2515	1351	2.434
444016.255	3463419.4	2516	1351	2.434
444039.146	3463429.44	2517	1351	2.434
444062.036	3463439.48	2518	1351	2.434
444084.926	3463449.52	2519	1351	2.434
444107.816	3463459.56	2520	1351	2.434
444140.747	3463446.69	2521	1350	2.434
444163.637	3463456.74	2522	1350	2.434
444186.528	3463466.78	2523	1350	2.434
444209.418	3463476.82	2524	1350	2.434
444232.308	3463486.86	2525	1350	2.434
444255.198	3463496.9	2526	1350	2.434
444278.089	3463506.94	2527	1350	2.434
444300.979	3463516.98	2528	1350	2.434
444323.869	3463527.02	2529	1350	2.434
444346.76	3463537.06	2530	1350	2.434
444369.65	3463547.1	2531	1350	2.434
444392.54	3463557.14	2532	1350	2.434
444415.43	3463567.18	2533	1350	2.434
444438.321	3463577.22	2534	1350	2.434
444461.211	3463587.26	2535	1350	2.434
444484.101	3463597.3	2536	1350	2.434
444506.992	3463607.34	2537	1350	2.434
444529.882	3463617.38	2538	1350	2.434
444552.772	3463627.42	2539	1350	2.434
444575.663	3463637.46	2540	1350	2.434
444598.553	3463647.5	2541	1350	2.434
444621.443	3463657.54	2542	1350	2.434
444644.333	3463667.58	2543	1350	2.434
444667.224	3463677.62	2544	1350	2.434
444700.154	3463664.76	2545	1349	2.434
444723.045	3463674.8	2546	1349	2.434
444745.935	3463684.84	2547	1349	2.434
444768.825	3463694.88	2548	1349	2.434
444791.715	3463704.92	2549	1349	2.434
444814.606	3463714.96	2550	1349	2.434
444837.496	3463725	2551	1349	2.434
444860.386	3463735.04	2552	1349	2.434
444883.277	3463745.08	2553	1349	2.434
444906.167	3463755.12	2554	1349	2.434
444929.057	3463765.16	2555	1349	2.434
444951.947	3463775.2	2556	1349	2.434
444974.838	3463785.24	2557	1349	2.434
444997.728	3463795.28	2558	1349	2.434
445020.618	3463805.32	2559	1349	2.434
445043.509	3463815.36	2560	1349	2.434
445066.399	3463825.4	2561	1349	2.434
445089.289	3463835.44	2562	1349	2.434
445112.18	3463845.48	2563	1349	2.434
445135.07	3463855.52	2564	1349	2.434
445157.96	3463865.56	2565	1349	2.434
445180.85	3463875.6	2566	1349	2.434
445203.741	3463885.64	2567	1349	2.434
445236.671	3463872.78	2568	1348	2.434
445259.562	3463882.82	2569	1348	2.434
445282.452	3463892.86	2570	1348	2.434
445305.342	3463902.9	2571	1348	2.434
445328.232	3463912.94	2572	1348	2.434
445351.123	3463922.98	2573	1348	2.434
445374.013	3463933.02	2574	1348	2.434
445396.903	3463943.06	2575	1348	2.434
445409.753	3463976	2576	1349	2.434
445432.644	3463986.04	2577	1349	2.434
445455.534	3463996.08	2578	1349	2.434
445478.424	3464006.12	2579	1349	2.434
445501.314	3464016.16	2580	1349	2.434
445524.205	3464026.2	2581	1349	2.434
445547.095	3464036.24	2582	1349	2.434
445569.985	3464046.28	2583	1349	2.434
445592.876	3464056.32	2584	1349	2.434
445615.766	3464066.36	2585	1349	2.434
445638.656	3464076.4	2586	1349	2.434
445661.547	3464086.44	2587	1349	2.434
445684.437	3464096.48	2588	1349	2.434
445707.327	3464106.52	2589	1349	2.434
445730.217	3464116.56	2590	1349	2.434
445753.108	3464126.6	2591	1349	2.434
445775.998	3464136.64	2592	1349	2.434
445798.888	3464146.68	2593	1349	2.434
445821.779	3464156.72	2594	1349	2.434
445844.669	3464166.76	2595	1349	2.434
445867.559	3464176.8	2596	1349	2.434
445890.449	3464186.84	2597	1349	2.434
445913.34	3464196.88	2598	1349	2.434
445936.23	3464206.92	2599	1349	2.434
445959.12	3464216.96	2600	1349	2.434
445982.011	3464227	2601	1349	2.434
446004.901	3464237.04	2602	1349	2.434
446027.791	3464247.08	2603	1349	2.434
446050.681	3464257.12	2604	1349	2.434
446073.572	3464267.16	2605	1349	2.434
446096.462	3464277.2	2606	1349	2.434
446119.352	3464287.24	2607	1349	2.434
446142.243	3464297.28	2608	1349	2.434
446165.133	3464307.32	2609	1349	2.434
446188.023	3464317.36	2610	1349	2.434
446210.914	3464327.4	2611	1349	2.434
446233.804	3464337.44	2612	1349	2.434
446256.694	3464347.48	2613	1349	2.434
